 0.253 0.561
 0.320 0.433
 0.089 0.420
 0.088 0.321
 0.160 0.221
 0.192 0.047
 0.203 0.121
 0.295 0.246
 0.368 0.243
 0.434 0.068
 0.703 0.181
 0.810 0.119
 0.925 0.146
 0.941 0.209
 0.799 0.247
 0.756 0.336
 0.619 0.410
 0.605 0.399
 0.574 0.429
 0.569 0.569
 0.691 0.573
 0.792 0.540
 0.810 0.540
 0.871 0.559
 0.869 0.588
 0.919 0.560
 0.915 0.622
 0.997 0.693
 0.971 0.719
 0.910 0.983
 0.690 0.698
 0.678 0.835
 0.612 0.907
 0.474 0.999
 0.484 0.853
 0.403 0.829
 0.108 0.796
 0.036 0.751
 0.008 0.707
 0.031 0.628
